a= 0.3002157
b= 0.2689414
